0.8972
0.17040002
0.11369997
0.09609997
0.08969998
0.09649998
0.08639997
0.06739998
0.059599996
0.058099985
0.0582
0.053499997
0.056299984
0.05760002
0.050899982
0.058499992
0.0582
0.04460001
0.045000017
0.047500014
0.04640001
0.055999994
0.044099987
0.0431
0.051
0.041499972
0.051
0.041400015
0.04640001
0.0467
0.043900013
0.04220003
0.047100008
0.04790002
0.045400023
0.042100012
0.05250001
0.04979998
0.045400023
0.0492
0.050000012
0.043900013
0.0431
0.04030001
0.051199973
0.04189998
0.041499972
0.045099974
0.041499972
0.04220003
0.057099998
0.038600028
0.04519999
0.041100025
0.043299973
0.04280001
0.05220002
0.042599976
0.043900013
0.040899992
0.036300004
0.036499977
0.03969997
0.041700006
0.03969997
0.04579997
0.038900018
0.03979999
0.0413
0.038699985
0.037999988
0.04430002
0.047100008
0.0406
0.04759997
0.03979999
0.053799987
0.041800022
0.03939998
0.044099987
0.043500006
0.038100004
0.0413
0.04339999
0.0406
0.03979999
0.04790002
0.04579997
0.03640002
0.04369998
0.04159999
0.03609997
0.036499977
0.041100025
0.037999988
0.037199974
0.04000002
0.039499998
0.04070002
0.037800014
0.0388
