0.9042
0.1821
0.11189997
0.11220002
0.12050003
0.090600014
0.096899986
0.0959
0.0855
0.09280002
0.07950002
0.08429998
0.08069998
0.07910001
0.07340002
0.0855
0.0794
0.0801
0.09560001
0.078400016
0.08850002
0.074800014
0.07459998
0.0661
0.0697
0.06529999
0.06639999
0.083000004
0.06889999
0.06190002
0.06220001
0.063899994
0.07279998
0.0668
0.0632
0.061699986
0.0668
0.068099976
0.06639999
0.08319998
0.06669998
0.061100006
0.0679
0.07209998
0.061200023
0.06760001
0.06910002
0.05489999
0.05739999
0.059899986
0.065999985
0.061500013
0.0625
0.0661
0.061999977
0.06940001
0.060500026
0.06919998
0.060800016
0.057799995
0.060000002
0.061999977
0.065400004
0.06260002
0.058399975
0.065100014
0.053499997
0.060800016
0.061100006
0.05729997
0.07010001
0.061100006
0.0679
0.06400001
0.0636
0.0679
0.068700016
0.064800024
0.072399974
0.054799974
0.06010002
0.065400004
0.06529999
0.058099985
0.056200027
0.06400001
0.069299996
0.07069999
0.07069999
0.06300002
0.06099999
0.058000028
0.0686
0.06300002
0.058700025
0.055000007
0.056900024
0.061100006
0.065
0.05980003
0.064800024
